resid 	meanCoul 	errCoul 	meanLJ 	errLJ 	totPotential 	errPotential
1 	228 	0.00225898001998002 	0.00413651996315749 	-0.00490025074925075 	0.00321372658452177 	-0.00264127072927073 	0.00375592595475901
2 	229 	0.000413518481518482 	0.00212384571188872 	-0.0032593036963037 	0.00332151888263131 	-0.00284578521478521 	0.0032979946705265
3 	230 	0.00035734965034965 	0.00337815975785965 	-0.00299127672327672 	0.00396506513015204 	-0.00263392707292707 	0.00461962090475791
4 	231 	0.0405644775224775 	0.111856171428186 	-0.0762885984015984 	0.0538521435420593 	-0.0357241208791209 	0.10160797777547
5 	232 	-0.181226186813187 	0.240052644920059 	-0.518016333666334 	0.204406360184444 	-0.699242520479521 	0.395472671343705
6 	233 	-0.304331651348651 	0.939407036225226 	-2.31531182617383 	1.79242408902871 	-2.61964347752248 	2.31380900171149
7 	234 	0.0266185254745255 	0.100816685833485 	-0.129772692307692 	0.103448778378206 	-0.103154166833167 	0.11208845672851
8 	235 	0.0042317972027972 	0.0292954607788618 	-0.0331392067932068 	0.0237287684711237 	-0.0289074095904096 	0.0388456878836772
9 	236 	0.007203996003996 	0.0183713726608543 	-0.0156947062937063 	0.0113077841944233 	-0.00849071028971029 	0.0201414451182626
10 	237 	-0.177339613386613 	0.594121307552153 	-0.481661190809191 	0.347901855098622 	-0.659000804195804 	0.738549732057003
11 	238 	0.0165280649350649 	0.232275762316701 	-0.303985745254745 	0.150717594317624 	-0.28745768031968 	0.220448525952876
12 	239 	0.234382487512488 	1.86964472304729 	-10.5590388891109 	3.8123139502679 	-10.3246564015984 	4.81856793418814
13 	240 	-0.0461631668331668 	0.131659089100142 	-0.0984438431568432 	0.0451251148021407 	-0.14460700999001 	0.152604192100145
14 	241 	0.00114352047952048 	0.00447685545509682 	-0.00740638561438561 	0.00657120241030155 	-0.00626286513486513 	0.00725259423784298
15 	242 	-0.0087667022977023 	0.0155259505636623 	-0.19225637962038 	0.100850536946849 	-0.201023081918082 	0.108699014132637
16 	243 	-0.000266284715284715 	0.000961805073731754 	-0.00637009190809191 	0.00376073757201223 	-0.00663637662337662 	0.00409518724395027
17 	246 	-7.26773226773227e-05 	0.000170442115614729 	-0.00808441458541458 	0.00616640968010941 	-0.00815709190809191 	0.00613885906594576
18 	259 	-0.000200318681318681 	0.0003882557267326 	-0.000119358641358641 	0.000316767391389569 	-0.000319677322677323 	0.000630879328219926
19 	261 	-0.000109082917082917 	0.000213745278586176 	-6.52397602397602e-05 	0.000178348968198704 	-0.000174322677322677 	0.000354984375395911
20 	262 	-0.072288988011988 	0.167036124281509 	-0.0389018671328671 	0.0401317365234714 	-0.111190855144855 	0.198493879217542
21 	263 	-0.00404774525474525 	0.00507163209293024 	-0.0143122387612388 	0.01099280453642 	-0.018359984015984 	0.0148678801405494
22 	264 	-0.000639102897102897 	0.00117580789944684 	-0.000500382617382617 	0.000710034516384621 	-0.00113948551448551 	0.00175963695120328
23 	265 	-0.0199430779220779 	0.0318740877257675 	-0.0156563376623377 	0.0110176095386372 	-0.0355994155844156 	0.0398982969500594
24 	266 	-0.178718250749251 	0.290853734624189 	-0.188262165834166 	0.08683067693621 	-0.366980416583417 	0.353820540992342
25 	267 	-0.0241837422577423 	0.0370518510427415 	-0.0771787582417582 	0.0561151020439195 	-0.101362500499501 	0.0862033660754048
26 	268 	0.0120692787212787 	0.0194917553187299 	-0.0146732807192807 	0.0167077242405457 	-0.002604001998002 	0.0123960400201837
27 	269 	-1.19746278921079 	3.59039616301732 	-0.7693415004995 	0.913889255185717 	-1.96680428971029 	3.94224451354986
28 	270 	-0.0312185984015984 	0.368577311343333 	-0.328801895104895 	0.243781877523031 	-0.360020493506494 	0.474345093790934
29 	271 	-41.6913104735265 	46.4636980321597 	-3.0594131998002 	5.97817850333251 	-44.7507236733267 	45.8914428602771
30 	272 	-16.0321491608392 	14.9371324675719 	-5.22216351548452 	4.2251817835685 	-21.2543126763237 	15.7755974273802
31 	273 	-0.226202454545455 	0.243906206150156 	-1.61745714085914 	0.758416821741216 	-1.8436595954046 	0.868575486121851
32 	274 	-7.35760446853147 	7.71034143793231 	-23.1551451708292 	5.37321436043984 	-30.5127496393606 	8.69749147357657
33 	275 	-3.52276895504496 	3.83802210364615 	-17.2306349220779 	4.66809780889595 	-20.7534038771229 	6.28368458159228
34 	276 	-0.1240565004995 	0.136598481571078 	-0.765404253746254 	0.167880398789536 	-0.889460754245754 	0.207037980935363
35 	277 	-0.160318044955045 	0.153470911626383 	-0.605646622377622 	0.153077990340726 	-0.765964667332667 	0.169461488803357
36 	278 	0.00711061838161838 	1.44572328813591 	-15.7304753116883 	8.48127137284864 	-15.7233646933067 	7.66721829154898
37 	279 	-14.063798976024 	23.2569340929025 	-4.72836174125874 	5.28226949900997 	-18.7921607172827 	20.5113823398131
38 	280 	-0.0050574005994006 	0.0794638822410808 	-0.172893676323676 	0.124299763273705 	-0.177951076923077 	0.156320241455101
39 	281 	0.149088666333666 	0.318260125006813 	-0.365577699300699 	0.292968032864274 	-0.216489032967033 	0.263272330053167
40 	282 	-106.926262801199 	42.1213643305625 	-8.98561222677323 	7.59002708547866 	-115.911875027972 	44.7712615884468
41 	283 	-1.50465797202797 	3.8831171549853 	-1.36331455244755 	1.22011909640457 	-2.86797252447552 	4.07434584586206
42 	284 	0.00499387812187812 	0.0159476375875905 	-0.0166975704295704 	0.0243636378919751 	-0.0117036923076923 	0.0151897170278195
43 	285 	6.34675324675325e-05 	0.000761156963572432 	-0.00166035764235764 	0.00486583481387973 	-0.00159689010989011 	0.00490726599644976
44 	287 	0.00885304695304695 	0.0133433116187397 	-0.0147747142857143 	0.0194888177459354 	-0.00592166733266733 	0.0155404358682188
45 	288 	-0.0711039210789211 	0.204913642749029 	-0.0290312907092907 	0.0489561894467533 	-0.100135211788212 	0.242860657650022
46 	289 	-0.00800922877122877 	0.0275266518532969 	-0.00795771728271728 	0.0116836767404354 	-0.0159669460539461 	0.0311959921436246
47 	290 	0.00168884215784216 	0.00318345483980234 	-0.000990424575424575 	0.00150763602920448 	0.000698417582417582 	0.00220071524633483
48 	292 	-0.000776181818181818 	0.00116722150978685 	-0.00100194805194805 	0.00148082414394779 	-0.00177812987012987 	0.00264374644191096
49 	300 	-0.4425198001998 	1.27424918269244 	-0.0358184045954046 	0.0713221837867093 	-0.478338204795205 	1.34381662247686
50 	301 	-3.16383616383616e-06 	6.38476869656931e-05 	-6.36363636363636e-06 	5.11432462438946e-05 	-9.52747252747253e-06 	8.31309057721946e-05
51 	303 	-0.00192803896103896 	0.00411751876807872 	-0.00405417382617383 	0.00817249822121451 	-0.00598221278721279 	0.0119565475591274
52 	304 	0.0265390639360639 	0.0495831051699458 	-0.00727111588411588 	0.0116757780491305 	0.0192679480519481 	0.0385600232203677
53 	305 	-0.0497705714285714 	2.03821409661107 	-0.15725783016983 	0.233415085314135 	-0.207028401598402 	2.15760255643781
54 	306 	0.889144802197802 	1.36769109843685 	-0.288686105894106 	0.301789767560646 	0.600458696303696 	1.1330879320779
55 	307 	0.331434075924076 	0.529446620868629 	-0.161100360639361 	0.182780297773871 	0.170333715284715 	0.427684702049627
56 	308 	-0.0539705504495505 	0.657669486387228 	-0.241760899100899 	0.275185200210947 	-0.29573144955045 	0.856677160917579
57 	309 	-61.7427621218781 	62.7637904774315 	-8.17028327272727 	9.37513992560314 	-69.9130453946054 	68.3638119255069
58 	310 	-17.6843221728272 	26.4868660128702 	-1.04804107192807 	3.95610299126232 	-18.7323632447552 	25.5967012787917
59 	311 	2.04894519280719 	2.01141741451796 	-0.646683396603397 	0.313204004284392 	1.4022617962038 	1.90345476998183
60 	312 	-187.682326260739 	35.9182763372062 	-8.26331151248751 	8.12283390002685 	-195.945637773227 	36.0490143525179
61 	313 	0.927742081918082 	0.755181443230781 	-0.570311596403596 	0.530986000815877 	0.357430485514486 	0.627826997668082
62 	314 	-0.0309168551448551 	0.077040300374687 	-0.0700527832167832 	0.0577401718249085 	-0.100969638361638 	0.105353904624874
63 	315 	-0.44359910989011 	0.43414070276831 	-0.285530521478521 	0.224784143102715 	-0.729129631368631 	0.656623184908089
64 	316 	-0.0293836073926074 	0.0558654216713407 	-0.0333344535464535 	0.0450391855435696 	-0.0627180609390609 	0.0994711319271038
65 	317 	0.0725135854145854 	0.123481815027011 	-0.0270211968031968 	0.0366082802286618 	0.0454923886113886 	0.0950290616058363
66 	318 	-0.0634820709290709 	0.0612733457622804 	-0.0411306823176823 	0.0333770319064619 	-0.104612753246753 	0.0937321846042759
67 	319 	0.0210111558441558 	0.28412203622967 	-0.136416173826174 	0.101519039946385 	-0.115405017982018 	0.345611635744249
68 	320 	0.237639106893107 	0.214570722817414 	-0.15867318981019 	0.108709895407207 	0.0789659170829171 	0.125269564036984
69 	321 	27.1462839360639 	21.9597133232899 	-2.36125578121878 	1.73838640649791 	24.7850281548452 	20.239525556293
70 	322 	-155.698121936064 	75.4781115588722 	-7.31867968231768 	6.70112882745791 	-163.016801618382 	75.3273982505382
71 	323 	0.0407157822177822 	0.510500655019428 	-0.883006696303696 	0.363686841012214 	-0.842290914085914 	0.788436136799035
72 	324 	-3.79385366333666 	2.88723793470882 	-1.34781477522478 	0.572735248339182 	-5.14166843856144 	3.29773719764783
73 	325 	-0.011698977022977 	0.0269880625644093 	-0.076341997002997 	0.0382802468294679 	-0.088040974025974 	0.0376247144478377
74 	326 	0.00423158641358641 	0.00704163483551762 	-0.0021951998001998 	0.00314494701577625 	0.00203638661338661 	0.00418694081393332
75 	328 	-0.00639065634365634 	0.0115085489409301 	-0.00226452647352647 	0.0042597544677538 	-0.00865518281718282 	0.0157498915429137
76 	335 	0.00173352047952048 	0.00378268825094405 	-0.000428839160839161 	0.000867344654162862 	0.00130468131868132 	0.00294105876434672
77 	336 	-0.0283867022977023 	0.0277459512654601 	-0.021878966033966 	0.0208885455412014 	-0.0502656683316683 	0.0479063156854071
78 	337 	0.306606377622378 	0.271659401054621 	-0.0770511368631369 	0.0506077944331133 	0.229555240759241 	0.244788850967954
79 	338 	-0.342797728271728 	0.400021229694095 	-0.176509643356643 	0.11623832201336 	-0.519307371628372 	0.5120725203554
80 	339 	-57.6712945024975 	46.3369537141513 	-4.95872138561439 	2.92455395214697 	-62.6300158881119 	47.9178266080005
81 	340 	-9.68793540559441 	23.1422876043692 	-9.45603871528471 	5.74431976286647 	-19.1439741208791 	27.2158518685172
